BASE 11
0,1,2,3,4,5,6,7,8,9,A
10,11,12,13,14,15,16,17,18,19,1A
20,21,22,23,24,25,26,27,28,29,2A
30,31,32,33,34,35,36,37,38,39,3A
40,41,42,43,44,45,46,47,48,49,4A
50,51,52,53,54,55,

BASE 9
0,1,2,3,4,5,6,7,8
10,11,12,13,14,15,16,17,18
20,21,22,23,24,25,26,27,28
30,31,32,33,34,35,36,37,38
40,41,42,43,44,45,46,47,48
50,51,52,53,54,55,56,57,58
60,61,62,63,64,65,66

BASE 4
0,1,2,3
10,11,12,13
20,21,22,23
30,31,32,33
100,101,102,103
110,111,112,113
120,121,122,123
130,131,132,133
200,201,202,203
210,211,212,213
220,221,222,223
230,231,232,233
300,301,302,303
310,311,312,313
320,321,322,323
330

BASE 8
0,1,2,3,4,5,6,7
10,11,12,13,14,15,16,17
20,21,22,23,24,25,26,27
30,31,32,33,34,35,36,37
40,41,42,43,44,45,46,47
50,51,52,53,54,55,56,57
60,61,62,63,64,65,66,67
70,71,72,73,74

